0.0
0.00014256227762077245
0.00037725846944969277
0.0007503221105604752
0.0011687576789083387
0.0018649102894925385
0.002710418962646788
0.0035296402201590027
0.004398599936064063
0.005162787584986006
0.006432070096991538
0.007769195877211477
0.009102028969351306
0.01082292794559292
0.01292501037920779
0.014314166660755134
0.01640719599337004
0.01880399388072096
0.020826375869969382
0.022864536942853064
0.025454536302952135
0.028482143613071997
0.031212098608373928
0.034374748250475484
0.03710602149634257
0.03955044092308757
0.04285496684818302
0.046348065158726026
0.04940196046713918
0.052824813968110895
0.05625679301686448
0.06048718204946635
0.06456738881161161
0.06878399325039286
0.07352331848261917
0.07879620771870366
0.08349833325942635
0.0881767476741806
0.09204552144903211
0.09653851094246058
0.10146794537955728
0.10679705686754248
0.11178605099652339
0.11724521693776069
0.12358907718088608
0.12847969705910556
0.13390870810933686
0.1395881607264191
0.14589750207747665
0.15092620282579805
0.1560481728046108
0.16268496655162634
0.16801213848400076
0.17445042745936723
0.18027158966794987
0.1857728174836728
0.19144581008188544
0.19959755856436567
0.2048010369203852
0.21132882169328848
0.21873242159624473
0.2252908876230304
0.23411916467958394
0.24109529219959258
0.2481174244771558
0.2564640858196876
0.26510614795848664
0.2723675652618516
0.28165451229161986
0.29015274069451547
0.2993573741777036
0.30726246440444127
0.3166565108869852
0.3252331138297331
0.3337397438904519
0.3429620294868925
0.3530248239270124
0.3623008471461713
0.3728428057228843
0.3825835002863691
0.39178575106561375
0.4019185762683888
0.4102616572380273
0.4194682065214188
0.42835013356076335
0.43744796772347705
0.448549811086
0.4596074178306835
0.46684219265596827
0.4769802786951649
0.48695455678035726
0.49765604678140685
0.5084224397331916
0.5190869477488058
0.5298240770160252
0.5397393559719861
0.5505041886286057
0.5614893974068309
0.5738497056880227
0.5843700013540358
0.5951164101605046
0.6072637050731227
0.6185258773696694
0.6329162024705499
0.6454503289133555
0.6594263284099182
0.6720276568563741
0.6838143723530616
0.6981040589334091
0.7127504136870444
0.7290913792125613
0.7417160165748884
0.7550584142726482
0.7702100342843998
0.7843865091776387
0.8000001091876965
0.8099954718840978
0.8248340563505323
0.8374564508054103
0.8510845375383758
0.8630691962507537
0.8758091365707426
0.8908432997655193
0.9051690034798492
0.9198388718052204
0.9326166583452293
0.9465299081074177
0.9596974252471968
0.9730010920317849
0.9876697517305155
1.0042769569079901
1.0181256898245934
1.0348456165642625
1.0497507798342838
1.0704980231826502
1.0870327168917147
1.1032542138788166
1.1158386930386808
1.1298857336916157
1.1468513897364918
1.1628977246682002
1.180502254312727
1.1983188423199644
1.216215657112519
1.2321022629314564
1.2493215677513705
1.2653693736343072
1.2819604626474632
1.296774571093323
1.311514710906363
1.3268432125119594
1.3409610527346576
1.3572351288930982
1.3738832691445957
1.3902801009044543
1.4075111385887773
1.4236075033191788
1.442642089144191
1.4573537360878976
1.4758158031689836
1.4939922264076628
1.509986865490295
1.526506057784796
1.543694362212726
1.562445175425876
1.5785819279772184
1.5982950233529598
1.6155944392833375
1.6332519861827164
1.6488439270500894
1.6657710368221368
1.6851665772318754
1.706268231694854
1.7214007752398501
1.7393489452515887
1.7553869493399432
1.7711806766840006
1.7925030245569538
1.8126766145224247
1.829796418565282
1.8471184908581
1.8652201489875075
1.8827904396386703
1.8999600868314612
1.9181818960413741
1.936037510482632
1.9533536413724928
1.9708571976646763
1.9893967521459324
2.0092031568679634
2.029003951362373
2.0399576575459895
2.0612965747908554
2.079692919715141
2.0998931695422893
2.118676669801779
2.1378080141287477
2.1555087758432823
2.1750759117644787
2.193243698051881
2.21222236644726
2.230712948420493
2.2527823129843583
2.270708756158834
2.290169146394936
2.3104239491261565
2.3286191202413713
2.351187172569512
2.370338657937081
2.3916631173756677
2.4073538235075365
2.42573725114579
2.4480284963905063
2.467275554372331
2.4844286915965785
2.5069646105868983
2.525206632898029
2.544615115042875
2.5645516003096294
2.584906793282922
2.6062454320643713
2.6222153349551878
2.6452762473514833
2.6632134187225702
2.6794308905881845
2.695358819972724
2.7129609832289496
2.730772835366807
2.7504204054742374
2.7747144812036275
2.79356655466873
2.8143953206041887
2.8338707851548257
2.852800606847355
2.8756191730314553
2.8989720169697515
2.9187268425371817
2.938139893219292
2.9558727910536042
2.9742342819105385
2.993065616764401
3.0124343752307006
3.0390724129778866
3.0627765389032335
3.084031398406662
3.1029629899932454
3.1218504488332677
-3.1388628790657886
-3.1218177235819784
-3.1017070797803594
-3.083382750650369
-3.063706872224266
-3.0450893582157903
-3.0235086865554415
-3.005054230799514
-2.9861023701358542
-2.9685837539721085
-2.948048733560136
-2.9280587124220503
-2.9104156398363354
-2.888957076346429
-2.867499897996348
-2.843538920310749
-2.8235262666885372
-2.8050842788661203
-2.787372115706429
-2.766635782360007
-2.7454425121967665
-2.725055901707284
-2.702310503951365
-2.681213636112121
-2.663134351561805
-2.639590870403575
-2.6192335706907226
-2.594352274930495
-2.5756015107792383
-2.5514532572759556
-2.528224070716666
-2.5064221791124437
-2.484852660576932
-2.4638919804412875
-2.446437129491411
-2.4266951102275005
-2.4077769094199306
-2.3842237039252083
-2.3651709331700292
-2.347616268158532
-2.3263508175921954
-2.3057785404490296
-2.285958985635866
-2.2657415496048907
-2.2455310992543014
-2.22464635876398
-2.2070277324135716
-2.1848756894851062
-2.1667892149439183
-2.1414065050309636
-2.119770047064379
-2.098134227081812
-2.081568335376642
-2.063742731018074
-2.047183393409134
-2.026458236727321
-2.0078791674071743
-1.9895863122088686
-1.9696657519488463
-1.9525813467659843
-1.9368124259857398
-1.9199207467046753
-1.8963954169942312
-1.8759722241113739
-1.8538469262448878
-1.8372055852519562
-1.8199918218496443
-1.8016536585755691
-1.7891136503031522
-1.7730745322021884
-1.7540445516684278
-1.7328594195297855
-1.717816255787163
-1.6939022326827713
-1.6739942045931144
-1.6545555768232658
-1.635527629524847
-1.6199668518985568
-1.602841329804348
-1.586242932928676
-1.5693800407569833
-1.5502855129548285
-1.5325583844007058
-1.5122919140701878
-1.4971087513321368
-1.4763584393443283
-1.4619559475731023
-1.448371040520252
-1.4310734948061112
-1.4160720154214133
-1.3981655573932699
-1.3834464259422656
-1.3680137294210173
-1.350549235947323
-1.3350267969072398
-1.3170481469251687
-1.3004120773008179
-1.2835680816028798
-1.2679472770437705
-1.2532416009945955
-1.2386328005241687
-1.2213225387231326
-1.2101104071576891
-1.1920727605672994
-1.174020616073193
-1.1578367864750234
-1.1411641250062008
-1.1244093942759434
-1.109950858889107
-1.0910263104359608
-1.075419630402319
-1.0597237335135503
-1.0433859869165332
-1.029713570642853
-1.0161898921313899
-1.000057649935206
-0.9843866542929884
-0.9703647382620755
-0.9531545466864344
-0.9396943558516462
-0.9236709235411631
-0.9058839117989663
-0.8898373136067192
-0.8740255433581865
-0.8568780450004709
-0.8418311317895188
-0.8289679388863362
-0.8147047875555593
-0.8044239750039779
-0.7916607567174871
-0.7779383252167911
-0.7644104451587062
-0.7498209054890115
-0.7348641326317225
-0.7190276610145361
-0.7061145195982146
-0.6925952227757524
-0.677662695085818
-0.6634152294347775
-0.6519567117459815
-0.6409473916475008
-0.6300644056645197
-0.6175709262207434
-0.6046672271116282
-0.5945155593138018
-0.5819455097648429
-0.570751510640914
-0.5599346054016916
-0.5479572951735054
-0.5331346177545484
-0.5207244831623044
-0.5093116988923505
-0.4944738771254329
-0.48228380769552004
-0.4700878962526822
-0.46020331425149585
-0.4480814769953483
-0.4364447755180727
-0.4241969846066329
-0.414499570879979
-0.40233245564728826
-0.39323454122815527
-0.383383124089395
-0.37373290969451034
-0.3625990189064794
-0.3532326192195061
-0.34262752576865196
-0.331676711570843
-0.3191806729040163
-0.3105066054272534
-0.301852461807842
-0.291992099041547
-0.2825941911363721
-0.2717448282130821
-0.2619029365844838
-0.2527027282209424
-0.24189607148558068
-0.23445580373546981
-0.22614779619830827
-0.21939639556047297
-0.20819088977180833
-0.19915813013711414
-0.18876597062338618
-0.1806633134109532
-0.17276153232095126
-0.1652913925851891
-0.15593827040343378
-0.14755003430329694
-0.14001215658124266
-0.13269958817441818
-0.1254857891209582
-0.11845470898478183
-0.11171720590710343
-0.10445022827446238
-0.09669147892171992
-0.08941429015438729
-0.0831767438278419
-0.07527354652660634
-0.06920095988083119
-0.0626926736488258
-0.05556259082017334
-0.04938134138208916
-0.04285481187348239
-0.03647937170305582
-0.030151855663286042
-0.023289455492085054
-0.016424839052117335
-0.011048404451440064
-0.0066017918042948764
-0.0002472414803023071
0.005489238456387824
0.011225536264841907
0.014887602053907045
0.0199193435187901
0.024264479243539583
0.028365534843038276
0.032772548038796145
0.03783579929544878
0.041449842452717434
0.04546043289440149
0.05048637875773743
0.05516654186249781
0.05870540200598384
0.062381088829909004
0.06601459408950561
0.06896410478920245
0.0723751939435111
0.07513113798890458
0.07802181838798816
0.08098947026006798
0.08351163184622834
0.086553956444547
0.0886305961847782
0.09076930126821203
0.09268900774218025
0.0948171330948
0.09716706434609179
0.09910808865244292
0.10104642648236961
0.10283044410117448
0.10447900609814198
0.10594236970374915
0.10723942418284516
0.10845092975024784
0.10941477757096862
0.1104172454818304
0.11117399396471939
0.11182369763918487
0.11240636728034303
0.11288849673263357
0.11318125509795607
0.11334876564049878
0.11339744782648964
0.11333687019144278
0.11317029095074105
0.11285809705339922
0.11239947045258702
0.11186760671785478
0.11103886993681655
0.11033217965847442
0.10939722378705952
0.1082085003815969
0.10695571099405576
0.10551676036949154
0.10418999393288075
0.10253895563714721
0.10071101580361663
0.09891988895345705
0.09692940658596427
0.09455708989539247
0.09237835100988079
0.08981674904648784
0.08737967299963145
0.08510597470119308
0.08267554796697851
0.07975318118814911
0.07668804872803392
0.07394620900712567
0.07047936425351331
0.06725128986677298
0.06397320617935343
0.06083060014123021
0.05793765710153487
0.054302220786377475
0.05014700103376768
0.04570432158723747
0.04110171289385178
0.03712327826207762
0.03287711833552365
0.028624804259681724
0.023761271326796063
0.019206373580452407
0.014066970671674284
0.009390655676510207
0.003989862927650023
-0.0018921501414297381
-0.007415983001049398
-0.012683794118505176
-0.017844527317665282
-0.02206878069621787
-0.028832429068103238
-0.03439193040317434
-0.040358417861462215
-0.046987087641763736
-0.05263017165317052
-0.059797708596621035
-0.06559450445124426
-0.07159486733767118
-0.07828863040279188
-0.08474106430363193
-0.09077165036605805
-0.0973141031628817
-0.10328261087531487
-0.10829651778815297
-0.11406014169263834
-0.12172636629557054
-0.12838310381275164
-0.1362804531969264
-0.14584128366336202
-0.15440155259196686
-0.16285526948980333
-0.1716669159603974
-0.18005001707770063
-0.18778721584165226
-0.1966695623467949
-0.20663290098479337
-0.21541617614756348
-0.22373559604601567
-0.23232005033565883
-0.24030149208780216
-0.2512916617992733
-0.2608349853390308
-0.27182888760154356
-0.28139162401662077
-0.2896624945966799
-0.30184759476997414
-0.3103930033782625
-0.3190527334061848
-0.32872952829952595
-0.3384325697946
-0.34899764495492036
-0.36162786572525185
-0.3719910899947916
-0.38300882185214036
-0.3931581158105395
-0.4041236422687433
-0.41503704945771425
-0.4262078797916651
-0.43458675793056756
-0.44747495303153073
-0.4608963377095421
-0.47558304247555583
-0.48908366894409383
-0.5023912665976482
-0.5147978905534352
-0.5259922717687004
-0.5417444765349195
-0.5554308345143362
-0.5696382557857405
-0.5839715395125342
-0.5965636315237006
-0.6117052218190828
-0.6250490676395835
-0.6397600120061391
-0.6514086368336489
-0.6677627709559069
-0.679681342703681
-0.6926774004466143
-0.707152975295827
-0.7232453913129042
-0.7369696811311783
-0.7507994851999467
-0.7649711131951769
-0.7785711862805318
-0.792308926872634
-0.805514812304434
-0.819026857347307
-0.8322464427955012
-0.8507203485034438
-0.8640454854925892
-0.8783348516164509
-0.8925769702886459
-0.9106851275944052
-0.9242493413848507
-0.9399143302684614
-0.9583969571336723
-0.9707511296909956
-0.9824416407678491
-0.9944447747915071
-1.0114048215881315
-1.0267877578826443
-1.0442600195217224
-1.0610104082307412
-1.0744338441969283
-1.0939773362510579
-1.1117741759447313
-1.1288698509738282
-1.1446658302568924
-1.159623869220244
-1.1763506552924987
-1.1949982756170012
-1.209366671784867
-1.2238335819951462
-1.2379244330818509
-1.2534954455899037
-1.2707054747587065
-1.2893899274677842
-1.3084293279359862
-1.3212387956519507
-1.336350113904448
-1.356766194042244
-1.3725555625615655
-1.3869305155667497
-1.4079878275437014
-1.4255811115449655
-1.441697636062976
-1.458985598629102
-1.4749612361131064
-1.4881623182344361
-1.5067392740230332
-1.5249738347290656
-1.5414381439416651
-1.56010251756142
-1.579489123988366
-1.5977059558093387
-1.6147974227442248
-1.6308597808225835
-1.647219287452982
-1.6637147560051915
-1.6852781297533062
-1.70354164787378
-1.7216514108955057
-1.7434634822244792
-1.7570210761609575
-1.775482121379783
-1.7899771044393606
-1.8051377041398577
-1.8232797130845242
-1.8409556097383373
-1.8592052370929082
-1.875916532776749
-1.8945664783658742
-1.912191902141883
-1.930126882353223
-1.949184391367326
-1.9700457673475986
-1.9881336382290566
-2.0016514081562438
-2.0210957962385034
-2.0402046515774934
-2.06054442051464
-2.0828762634733327
-2.1011526318421794
-2.1217218460460296
-2.1394619242360893
-2.158159339666107
-2.1759243925944007
-2.19194927733895
-2.2102215512074936
-2.231645563862945
-2.2479130830436906
-2.2684936965714675
-2.285723683153277
-2.3029800364896547
-2.3229361602756864
-2.343198239632261
-2.363205530856784
-2.383084598496949
-2.403463006223408
-2.4223883071965018
-2.4448218961812103
-2.4639568751907994
-2.481377149636904
-2.500476221692015
-2.522263678525986
-2.5366134633813164
-2.557225259660882
-2.5775727124857735
-2.593874390404089
-2.6180517577979554
-2.635902162875877
-2.6567345192688148
-2.675492510342675
-2.6938664666166767
-2.7111795896609596
-2.7291163860010457
-2.7492408776387522
-2.766022580095722
-2.7847612152523764
-2.8056752547019723
-2.8222484384253264
-2.842721897678407
-2.864884268163996
-2.882537949184126
-2.8978052996895514
-2.9196133935703923
-2.9372408168287656
-2.955061518299182
-2.9765558689079814
-2.998911502368334
-3.0207445748467574
-3.0426956924539184
-3.067865495042744
-3.0894511817161696
-3.110456277710089
-3.131785027464
3.131916051422092
3.1133450649685646
3.093043783732135
3.074874342331489
3.0544714573826184
3.0361328027353798
3.0172600975637938
2.9983828639343395
2.976983962719335
2.962985901763343
2.936260060253362
2.912285975310451
2.8895769366460495
2.871461791481366
2.856038930073714
2.8338053701306283
2.8148992091025367
2.796373648616764
2.778929041443849
2.759446678969846
2.7419696531460174
2.722569804102485
2.7014448255260994
2.6800519786627355
2.6617097408310118
2.6425137455723853
2.6209561467392977
2.605169843314842
2.588638361660186
2.573683517472337
2.5504608210738695
2.529845244439465
2.5095856771773244
2.4864762749880693
2.466894850004758
2.451618598597097
2.4331185504515114
2.410689158309739
2.392754830132434
2.3777912808154973
2.3595201247570357
2.3424221751487764
2.324503425314509
2.3017651692766385
2.2833199681350873
2.266666634988054
2.248394948969132
2.2257257000659028
2.2101910605009074
2.1941045488712545
2.178037016248438
2.1600079721085654
2.1402420780018634
2.121123805902828
2.103118358074677
2.0870949351896613
2.0643821136304012
2.044637574210096
2.02733172539814
2.010793199551266
1.9939692133453546
1.974925113332361
1.9600917271432587
1.9420605655709355
1.9219828012545976
1.9042334747139762
1.8851317527949147
1.866768776967299
1.8497837413131233
1.8340105933714206
1.8172060697031913
1.7998412425902615
1.7783995380615405
1.76072230284195
1.7451642636073217
1.730708408752621
1.714520380193564
1.6984610108502665
1.6789356548417196
1.6602934165736283
1.6399839237544214
1.625168222710636
1.608245952127504
1.591923385393879
1.5775635459691824
1.5566203719220457
1.5384397518570818
1.5199223203768124
1.501676346333559
1.484238212553488
1.466759590151982
1.447734725601089
1.4328101098464954
1.414668183483763
1.3994583764979804
1.3848174748838247
1.3691208801559096
1.3565350597370447
1.3411790385017168
1.321485243965637
1.306753359164687
1.2893286686442211
1.2715441660688658
1.2567641481390126
1.2443518889974596
1.229993594836321
1.2120561416672402
1.196235847934691
1.1844854849288424
1.1704021837588119
1.156838190339803
1.1418942651487605
1.128970603740914
1.1117649075757665
1.0988549100655414
1.0881239227196877
1.0724707404602283
1.0541214826800012
1.0433508112377572
1.029748111783853
1.0168282020783987
1.0010533414210556
0.9882549262598888
0.9731536996370007
0.9625100085765386
0.9479471921115667
0.9327262157713356
0.9194773640828089
0.9045090962105089
0.8926589297385119
0.8786355160637971
0.8672268312985247
0.8517820518990935
0.8388464412238457
0.8247401575066315
0.8131230166072361
0.8005433243517763
0.7880064649029626
0.7736868009502871
0.7583826090631192
0.7439450768756259
0.7339686529065683
0.7234121213285185
0.7128731096686467
0.6989678511552673
0.687523917609381
0.6728409504930419
0.6646696694656433
0.6514185262695094
0.6364634108396818
0.6263742917760542
0.615763587748889
0.6042403378109231
0.5931732445450537
0.5814171879937655
0.572489430986515
0.5605332796686047
0.5509587948232539
0.5405897188049535
0.5292128162810341
0.5204367503791714
0.5096719438598978
0.49976104200152127
0.4908000198239244
0.4808227508943297
0.4712092012963631
0.4613900685449339
0.450790874081898
0.44079744972091506
0.4320760560797412
0.4213990347537728
0.41133772990031403
0.4014962981460446
0.39354279719793883
0.38386897359855165
0.3758956330911234
0.36749719476961706
0.35939198320732
0.3518706011954986
0.3427558534674642
0.33443354408815607
0.32546649561381225
0.3169943537791262
0.3092400828254651
0.3014296309180029
0.29396853023277947
0.2868204048909022
0.2789231112913799
0.27170103397185397
0.2637897564214926
0.25698317978032215
0.2500884079349932
0.2415269610819446
0.23521253943995069
0.22936959724002826
0.22257204619410098
0.2151292516364851
0.21060510364260754
0.20450866002175694
0.1993921173445532
0.19323234633192055
0.1869777145554119
0.180777113471549
0.17465647888919555
0.1701204157879581
0.16489926329999172
0.15957663503516395
0.15506469029819003
0.14979353653335803
0.14509884030920617
0.1408733890538323
0.13621820649047134
0.13243311163667704
0.12867142825134437
0.12449158489215151
0.12064100632423935
0.11620409153930877
0.11279815271327598
0.10986964157174439
0.1066339718030549
0.1035545903901447
0.10011560271490305
0.09729282066256051
0.09472511754951407
0.09210773240909242
0.08949474544103131
0.08654876010772039
0.08406485596954605
0.081933581497029
0.07955961375533871
0.07769360895509347
0.07600215895628404
0.07409104280014356
0.07213687535106228
0.07051507648833821
0.06918163246026765
0.06786022615457821
0.06665680530650064
0.06574383978819931
0.06490138796963185
0.0641624230356248
0.06366482045947208
0.06314267985034583
0.06276061952882461
0.062475226625053004
0.062356391922510745
0.062356391922510745
