0.000000
0.010692
0.026691
0.050667
0.074449
0.115493
0.161583
0.198787
0.234141
0.256334
0.313080
0.366402
0.411404
0.478761
0.564603
0.584099
0.653462
0.735202
0.776601
0.812973
0.885277
0.979556
1.037369
1.118962
1.155963
1.165900
1.238855
1.315009
1.346800
1.401494
1.448668
1.548647
1.622366
1.695256
1.796417
1.922421
1.986717
2.039591
2.023810
2.057213
2.118339
2.200271
2.244405
2.317182
2.445394
2.445381
2.485750
2.538846
2.631220
2.613690
2.605784
2.712676
2.705312
2.782387
2.801616
2.793966
2.800345
2.991675
2.933184
2.982791
3.090642
3.118931
3.313212
3.339440
3.365184
3.486406
3.611599
3.614466
3.768817
3.840862
3.955080
3.954700
4.066048
4.099386
4.122476
4.195776
4.321119
4.368653
4.504002
4.558954
4.565279
4.640449
4.570113
4.575087
4.554969
4.554061
4.703590
4.827372
4.645874
4.709350
4.751018
4.840977
4.922310
4.983802
5.041516
5.028935
5.081957
5.143554
5.299044
5.293210
5.305209
5.420475
5.452066
5.713531
5.796561
5.975276
6.024085
6.004476
6.175531
6.347678
6.621099
6.574782
6.589244
6.737229
6.789880
6.942418
6.650708
6.765995
6.697776
6.715216
6.606783
6.571261
6.713134
6.780592
6.863743
6.792516
6.817132
6.782126
6.762582
6.848344
7.066633
7.045293
7.242494
7.274007
7.738949
7.818209
7.862090
7.626612
7.536148
7.678150
7.729903
7.890757
8.043388
8.179141
8.143765
8.213648
8.185186
8.201740
8.082537
7.975667
7.928955
7.798449
7.849238
7.920463
7.962156
8.060160
8.058363
8.277203
8.138996
8.302802
8.420613
8.357119
8.342491
8.380240
8.529515
8.460344
8.669775
8.666765
8.691066
8.556802
8.542815
8.716058
8.991273
8.777523
8.807007
8.688807
8.570015
8.883689
9.064155
8.988517
8.939395
8.956110
8.930465
8.878619
8.913462
8.915614
8.876981
8.858201
8.919937
9.067427
9.192373
8.635045
8.940207
8.978902
9.147085
9.183785
9.241068
9.182465
9.272630
9.244320
9.281072
9.275705
9.539551
9.453102
9.494666
9.589576
9.515778
9.781015
9.750224
9.887025
9.580774
9.522415
9.765896
9.744541
9.569345
9.824137
9.718668
9.716504
9.754265
9.817765
9.945498
9.651416
9.933272
9.788569
9.536594
9.300700
9.225757
9.177782
9.274683
9.705536
9.663611
9.776227
9.770453
9.724621
9.977321
10.232186
10.178970
10.108103
9.921855
9.810689
9.751435
9.741377
10.278023
10.514129
10.531124
10.371325
10.232186
10.382756
10.103730
10.096468
9.956323
9.938565
9.844094
9.986030
9.872210
9.812768
9.654749
9.746663
9.783915
9.639558
9.803017
9.941853
10.247648
10.211450
10.062882
9.881862
9.954807
10.051081
10.072415
10.267458
10.309604
10.119110
10.367004
10.338751
10.654036
10.462238
10.704021
10.840607
10.849658
10.839923
10.785986
10.477202
10.386273
10.247197
10.476608
10.334074
10.100563
10.180387
10.196250
10.153279
10.146595
10.140390
10.185687
9.979231
10.143749
9.978672
10.385575
10.450473
10.505589
10.172192
9.983284
9.727741
9.822967
9.742952
9.653473
9.699494
9.525901
9.279685
9.154608
9.545816
9.645683
9.858228
9.627595
9.474488
9.428677
8.954876
8.814578
8.919640
9.170579
8.923229
9.378297
9.464654
9.502853
9.504521
9.245901
9.143430
9.016796
8.928993
9.021734
8.998008
9.168292
8.931786
9.148291
8.856234
8.546667
8.561983
8.402797
8.485361
8.316492
8.226471
8.302337
8.221169
8.336393
8.333639
8.346893
8.266419
8.129382
8.005635
8.103059
7.728510
7.922057
8.087659
8.088298
8.125503
8.163282
8.023180
8.239044
8.173688
8.124827
8.131434
7.937150
7.760854
7.806644
7.810972
7.690970
7.828089
7.663390
7.715639
7.892319
7.911966
7.911054
8.010458
7.937408
7.711536
7.624542
7.251922
7.121375
7.082351
7.034589
7.073616
7.134332
7.251917
7.132615
7.076670
7.135109
7.133403
6.922781
6.710063
6.519778
6.478822
6.474776
6.264935
6.267948
6.167306
6.053478
6.043755
6.248892
6.242318
6.161929
6.350477
6.312160
6.280030
6.079369
6.076601
6.037864
6.050769
5.870459
5.902424
5.699404
5.583350
5.469613
5.484213
5.364061
5.354834
5.372920
5.504185
5.329112
5.178806
5.141512
5.075129
5.127562
5.096569
5.022099
5.079284
4.875411
4.767200
4.558475
4.715117
4.685306
4.761922
4.655333
4.549667
4.427477
4.464840
4.424232
4.325938
4.225490
4.132701
4.040127
3.939421
3.893531
3.891407
3.853485
3.743279
3.774527
3.663792
3.602344
3.596749
3.520830
3.482195
3.438024
3.396884
3.402032
3.406573
3.298820
3.137493
3.143460
3.102177
3.067073
2.881667
2.826797
2.728663
2.626943
2.563427
2.558657
2.445912
2.379819
2.399792
2.390836
2.297625
2.228658
2.166872
2.063054
2.009428
1.914710
1.844304
1.790232
1.710860
1.682405
1.585792
1.508326
1.426055
1.371756
1.342238
1.286479
1.238882
1.186851
1.132466
1.072348
1.008775
0.948322
0.878362
0.821793
0.755280
0.690716
0.630809
0.572347
0.508452
0.444747
0.381686
0.319890
0.259413
0.197087
0.133127
0.073268
0.000122
-0.052898
-0.115085
-0.186976
-0.252889
-0.322877
-0.373953
-0.441688
-0.512530
-0.569985
-0.633774
-0.716631
-0.772542
-0.848781
-0.904244
-0.939135
-0.980547
-1.052642
-1.124631
-1.161574
-1.247351
-1.302354
-1.352857
-1.385624
-1.394751
-1.458196
-1.551108
-1.651643
-1.749092
-1.785111
-1.835806
-1.879359
-1.962220
-2.009504
-2.093534
-2.130228
-2.215753
-2.324541
-2.390147
-2.426711
-2.449759
-2.399114
-2.546521
-2.581505
-2.641766
-2.742651
-2.754485
-2.878878
-2.881806
-2.899562
-2.966660
-3.005593
-3.007048
-3.046675
-3.037312
-2.957758
-2.946366
-3.079378
-3.116727
-3.241519
-3.472353
-3.593521
-3.688521
-3.796117
-3.855432
-3.857407
-3.944972
-4.100476
-4.144151
-4.146484
-4.168346
-4.141702
-4.344710
-4.408752
-4.571982
-4.603390
-4.533197
-4.767100
-4.692941
-4.638479
-4.668467
-4.695925
-4.783917
-5.013596
-5.038798
-5.109308
-5.104109
-5.160907
-5.205277
-5.262298
-5.101369
-5.302778
-5.513965
-5.788373
-5.932664
-6.040834
-6.065206
-5.995004
-6.277169
-6.362070
-6.473316
-6.577315
-6.535125
-6.690475
-6.687692
-6.787859
-6.643327
-6.873388
-6.736273
-6.700536
-6.781124
-6.970887
-6.954575
-6.948624
-6.969203
-6.943828
-6.932584
-6.883138
-6.864071
-6.825929
-7.187583
-7.108830
-7.114208
-7.115236
-7.406062
-7.312469
-7.390473
-7.668099
-7.444447
-7.204568
-7.024118
-7.242504
-7.309849
-7.523791
-7.651501
-7.510534
-7.849716
-8.007021
-8.088144
-8.059621
-7.972530
-8.031160
-8.225057
-8.068929
-7.943607
-7.808880
-7.805374
-7.925320
-8.137856
-8.345133
-8.054073
-7.979311
-8.313620
-8.250780
-8.091284
-8.456890
-8.507853
-8.440414
-8.470949
-8.398480
-8.128789
-8.302742
-8.424923
-8.396008
-8.536435
-8.709965
-8.769733
-8.736133
-8.630390
-8.562794
-8.515535
-8.855458
-8.896903
-8.920600
-9.218415
-8.852473
-8.909180
-8.659927
-8.497983
-8.583936
-8.622038
-8.697454
-8.646183
-8.748002
-8.757708
-8.789175
-8.900112
-9.129699
-9.116834
-8.763142
-8.907000
-9.004114
-9.178979
-9.477021
-9.426195
-9.554957
-9.452219
-9.436693
-9.353568
-9.152399
-9.149960
-9.384267
-9.196691
-9.360733
-9.248872
-9.155768
-9.279112
-9.406901
-9.496413
-9.562881
-9.656829
-9.627703
-9.866066
-9.821280
-9.654608
-9.638848
-9.827080
-9.429252
-9.560749
-9.652695
-9.427417
-9.826607
-9.691396
-9.800113
-9.736946
-9.654451
-9.504767
-9.424312
-9.520002
-9.350629
-9.353433
-9.518971
-9.334114
-9.469506
-9.711258
-9.578595
-9.286857
-9.529436
-9.422077
-9.345318
-9.555597
-9.798930
-9.966571
-10.117919
-10.487966
-10.533698
-10.529025
-10.549328
-10.428246
-10.256833
-10.240904
-10.067477
-10.087571
-9.949835
-9.872812
-9.807683
-9.941448
-9.500086
-10.079511
-10.365641
-10.513972
-10.295512
-9.907900
-10.089232
-9.993809
-9.884155
-9.709877
-9.714573
-9.568164
-9.587928
-9.734112
-9.878459
-9.772358
-9.746204
-9.901093
-9.599902
-9.399778
-9.111424
-9.486413
-9.609619
-9.687644
-9.967703
-9.941154
-9.595700
-9.543848
-9.794476
-9.670379
-9.342088
-9.311112
-9.196791
-9.161179
-9.492371
-9.451906
-9.283120
-9.261028
-9.572068
-9.301355
-9.112641
-8.950809
-8.960366
-9.098753
-9.167811
-9.143048
-8.973347
-9.330807
-9.412026
-9.298161
-9.143826
-9.034051
-9.107251
-8.853667
-8.877954
-9.052094
-9.025479
-9.104286
-9.115867
-9.022364
-8.851996
-8.784536
-8.769217
-9.061963
-9.028461
-8.841045
-8.599077
-8.523318
-8.449273
-8.646283
-8.747509
-8.958594
-8.725983
-8.686256
-8.607510
-8.393371
-8.705104
-8.762885
-8.837259
-8.880118
-8.855961
-8.838463
-8.939559
-8.717971
-8.770920
-8.596017
-8.404682
-8.321225
-8.016977
-7.966132
-8.248247
-8.115901
-8.205368
-8.308401
-8.170642
-7.875965
-7.771442
-7.951035
-7.944902
-7.634444
-7.545525
-7.430996
-7.437141
-7.290844
-7.487645
-7.332748
-7.037660
-7.155999
-7.458794
-7.147775
-7.095811
-7.000433
-7.133482
-7.023341
-7.102432
-6.835344
-6.902254
-7.008489
-6.950879
-7.030868
-6.865000
-6.887006
-6.709606
-6.861524
-6.802466
-6.840067
-6.685343
-6.626018
-6.572380
-6.660498
-6.809238
-6.870667
-6.588299
-6.391794
-6.223451
-6.332827
-6.241198
-6.406241
-6.058151
-6.143264
-6.343408
-6.148581
-6.022097
-5.983026
-5.915604
-5.909968
-5.693054
-5.735807
-5.593523
-5.532175
-5.555616
-5.380479
-5.380768
-5.316970
-5.191501
-5.161071
-5.107927
-5.078173
-5.111386
-5.094185
-4.984162
-5.037314
-5.036315
-5.018975
-4.862641
-4.858782
-4.727965
-4.648653
-4.559246
-4.439463
-4.457150
-4.412750
-4.423366
-4.395272
-4.317552
-4.255703
-4.176930
-4.086500
-4.065822
-3.997604
-3.991310
-3.903106
-3.834748
-3.901645
-3.789979
-3.659703
-3.620564
-3.635689
-3.429647
-3.372433
-3.250309
-3.224745
-3.210131
-3.193656
-3.173655
-3.037812
-2.973727
-2.926865
-2.826231
-2.797633
-2.730090
-2.637485
-2.591001
-2.486233
-2.395424
-2.349599
-2.285953
-2.275828
-2.189899
-2.081053
-2.011570
-1.940788
-1.907594
-1.833164
-1.750767
-1.684456
-1.627761
-1.604546
-1.550157
-1.477479
-1.433905
-1.358769
-1.281813
-1.232875
-1.194506
-1.136965
-1.066428
-1.005570
-0.944991
-0.871715
-0.804141
-0.738942
-0.665421
-0.604769
-0.542708
-0.482706
-0.419213
-0.356331
